0.06377187676
0.364351654
0.2165850599
0.03716395798
0.6753779012
0.1252581268
0.4039777497
0.04712078251
0.06382706556
0.1383373841
0.3210388058
0.1895517729
0.1910397758
0.37302294
0.03287905108
0.2160780631
0.1402574773
0.3918592905
0.6886112467
&
0.3217447713
0.4933013042
0.08701762129
0.03299454834
0.3234667048
0.3253513534
0.2028692058
0.1554831616
0.4055616876
0.3889915145
0.1822104961
0.2262227713
0.7369098512

0.134112575
0.134260311
0.07776343888
0.1717488429
0.03578462148
0.1805373837
0.05202958283
0.05587209781
0.1142629627
0.1247806096
0.3102973121
0.05567474496
0.534424817
0.09052451677
0.05140176018
0.1522977191

0.1157187059
0.2194993772
0.1199377047
0.02522487446
0.02782593155
0.372288301
0.7971872682
0.4986150447
0.08242074804
0.3584129644
0.1456752818

0.06114513666
0.2284450737
0.1220317533
0.1823584546
0.2323176055
0.1669165641
0.579825383
0.02589117231
0.180549676
0.2150627118

0.06036987304
0.03522179561
0.06757080865
0.2089028465
0.05233022318
0.2007617508
0.1085977131
0.03717108497
0.3065794958
0.07762045283
0.06052162055
0.2864524256
0.6174152457

0.08142662563
0.2683628171
0.1144325129
0.5429911022
0.5791365118
0.02409901639
0.3658953209
0.1240319763
0.2691616602
0.06748763109
0.4136836452
0.04652076298
0.4115932295
0.08614744042
0.6125026576
0.0719863098
0.9010338623
0.3941892554
0.03581827379
0.06551995213
0.1752581663
0.1208308901
0.02922890609
0.04097752678
0.05022566115
0.1422922486
0.6047816778
0.1378949909
0.1306878505
0.4280421907
0.2681382485
0.06404553087
0.1142461054
0.112241577
0.314101865
0.06151326001
0.1264619659
0.08083045538
0.7355147932
&
0.2370639219
0.05876142512
0.3654584282
0.04940001079
0.08671924013
0.2728870108
0.04964172837
0.04286408616
0.2406181308
0.6304908339
0.3924948794
0.03127322998
0.07981075643
0.584587187
0.2283225884
0.1289267675

0.0597104316
0.09836672731
0.1369469774
0.2607642442
0.2905351036
0.06738812343
0.04718623793
0.1536482347
0.4352034826
0.2638218803
0.4146537917
0.4414208974
0.3163645261
0.2039760804
0.3529556291
0.4378604313

0.2353614374
0.1538250037
0.04655552225
0.3316439922
0.05898934608
0.1624995198
0.04797066282
0.1904606903
0.04445272644
0.9251612689
0.3211451971
0.103797069
0.2119912653
0.3793909462

0.09776707383
0.02832817463
0.08538616902
0.102302844
0.2119187216
0.3620363681
0.3422956922
0.1509357505
0.2050927683
0.2525992673
0.09535772339
0.1312323231
0.5438814811
0.5727246311
0.04580912788

0.1438487274
0.09799759254
0.2558280774
0.05897763838
0.2237315682
0.394155637
0.07620887246
0.08904315318
0.1475477188
0.09356368292
0.4509545153
0.1964592699
0.298033605
0.02248635514
0.392529743
&
0.3130851664
0.3709266559
0.09085718942
0.1667685488
0.6925682132
1.133037731
0.08008103123
0.1239143631
0.9602038892
0.2784057043
0.3529786013
0.0442089294
0.04324242954
0.472298008

0.06377187676
0.364351654
0.2165850599
0.03716395798
0.6753779012
0.1252581268
0.4039777497
0.04712078251
0.06382706556
0.1383373841
0.3210388058
0.1895517729
0.1910397758
0.37302294
0.03287905108
0.2160780631
0.1402574773
0.3918592905
0.6886112467
&
0.3217447713
0.4933013042
0.08701762129
0.03299454834
0.3234667048
0.3253513534
0.2028692058
0.1554831616
0.4055616876
0.3889915145
0.1822104961
0.2262227713
0.7369098512

0.134112575
0.134260311
0.07776343888
0.1717488429
0.03578462148
0.1805373837
0.05202958283
0.05587209781
0.1142629627
0.1247806096
0.3102973121
0.05567474496
0.534424817
0.09052451677
0.05140176018
0.1522977191

0.1157187059
0.2194993772
0.1199377047
0.02522487446
0.02782593155
0.372288301
0.7971872682
0.4986150447
0.08242074804
0.3584129644
0.1456752818

0.06114513666
0.2284450737
0.1220317533
0.1823584546
0.2323176055
0.1669165641
0.579825383
0.02589117231
0.180549676
0.2150627118

0.06036987304
0.03522179561
0.06757080865
0.2089028465
0.05233022318
0.2007617508
0.1085977131
0.03717108497
0.3065794958
0.07762045283
0.06052162055
0.2864524256
0.6174152457

0.08142662563
0.2683628171
0.1144325129
0.5429911022
0.5791365118
0.02409901639
0.3658953209
0.1240319763
0.2691616602
0.06748763109
0.4136836452
0.04652076298
0.4115932295
0.08614744042
0.6125026576
0.0719863098
0.9010338623
0.3941892554
0.03581827379
0.06551995213
0.1752581663
0.1208308901
0.02922890609
0.04097752678
0.05022566115
0.1422922486
0.6047816778
0.1378949909
0.1306878505
0.4280421907
0.2681382485
0.06404553087
0.1142461054
0.112241577
0.314101865
0.06151326001
0.1264619659
0.08083045538
0.7355147932
&
0.2370639219
0.05876142512
0.3654584282
0.04940001079
0.08671924013
0.2728870108
0.04964172837
0.04286408616
0.2406181308
0.6304908339
0.3924948794
0.03127322998
0.07981075643
0.584587187
0.2283225884
0.1289267675

0.0597104316
0.09836672731
0.1369469774
0.2607642442
0.2905351036
0.06738812343
0.04718623793
0.1536482347
0.4352034826
0.2638218803
0.4146537917
0.4414208974
0.3163645261
0.2039760804
0.3529556291
0.4378604313

0.2353614374
0.1538250037
0.04655552225
0.3316439922
0.05898934608
0.1624995198
0.04797066282
0.1904606903
0.04445272644
0.9251612689
0.3211451971
0.103797069
0.2119912653
0.3793909462

0.09776707383
0.02832817463
0.08538616902
0.102302844
0.2119187216
0.3620363681
0.3422956922
0.1509357505
0.2050927683
0.2525992673
0.09535772339
0.1312323231
0.5438814811
0.5727246311
0.04580912788

0.1438487274
0.09799759254
0.2558280774
0.05897763838
0.2237315682
0.394155637
0.07620887246
0.08904315318
0.1475477188
0.09356368292
0.4509545153
0.1964592699
0.298033605
0.02248635514
0.392529743
&
0.3130851664
0.3709266559
0.09085718942
0.1667685488
0.6925682132
1.133037731
0.08008103123
0.1239143631
0.9602038892
0.2784057043
0.3529786013
0.0442089294
0.04324242954
0.472298008

0.06377187676
0.364351654
0.2165850599
0.03716395798
0.6753779012
0.1252581268
0.4039777497
0.04712078251
0.06382706556
0.1383373841
0.3210388058
0.1895517729
0.1910397758
0.37302294
0.03287905108
0.2160780631
0.1402574773
0.3918592905
0.6886112467
&
0.3217447713
0.4933013042
0.08701762129
0.03299454834
0.3234667048
0.3253513534
0.2028692058
0.1554831616
0.4055616876
0.3889915145
0.1822104961
0.2262227713
0.7369098512

0.134112575
0.134260311
0.07776343888
0.1717488429
0.03578462148
0.1805373837
0.05202958283
0.05587209781
0.1142629627
0.1247806096
0.3102973121
0.05567474496
0.534424817
0.09052451677
0.05140176018
0.1522977191

0.1157187059
0.2194993772
0.1199377047
0.02522487446
0.02782593155
0.372288301
0.7971872682
0.4986150447
0.08242074804
0.3584129644
0.1456752818

0.06114513666
0.2284450737
0.1220317533
0.1823584546
0.2323176055
0.1669165641
0.579825383
0.02589117231
0.180549676
0.2150627118

0.06036987304
0.03522179561
0.06757080865
0.2089028465
0.05233022318
0.2007617508
0.1085977131
0.03717108497
0.3065794958
0.07762045283
0.06052162055
0.2864524256
0.6174152457

0.08142662563
0.2683628171
0.1144325129
0.5429911022
0.5791365118
0.02409901639
0.3658953209
0.1240319763
0.2691616602
0.06748763109
0.4136836452
0.04652076298
0.4115932295
0.08614744042
0.6125026576
0.0719863098
0.9010338623
0.3941892554
0.03581827379
0.06551995213
0.1752581663
0.1208308901
0.02922890609
0.04097752678
0.05022566115
0.1422922486
0.6047816778
0.1378949909
0.1306878505
0.4280421907
0.2681382485
0.06404553087
0.1142461054
0.112241577
0.314101865
0.06151326001
0.1264619659
0.08083045538
0.7355147932
&
0.2370639219
0.05876142512
0.3654584282
0.04940001079
0.08671924013
0.2728870108
0.04964172837
0.04286408616
0.2406181308
0.6304908339
0.3924948794
0.03127322998
0.07981075643
0.584587187
0.2283225884
0.1289267675

0.0597104316
0.09836672731
0.1369469774
0.2607642442
0.2905351036
0.06738812343
0.04718623793
0.1536482347
0.4352034826
0.2638218803
0.4146537917
0.4414208974
0.3163645261
0.2039760804
0.3529556291
0.4378604313

0.2353614374
0.1538250037
0.04655552225
0.3316439922
0.05898934608
0.1624995198
0.04797066282
0.1904606903
0.04445272644
0.9251612689
0.3211451971
0.103797069
0.2119912653
0.3793909462

0.09776707383
0.02832817463
0.08538616902
0.102302844
0.2119187216
0.3620363681
0.3422956922
0.1509357505
0.2050927683
0.2525992673
0.09535772339
0.1312323231
0.5438814811
0.5727246311
0.04580912788

0.1438487274
0.09799759254
0.2558280774
0.05897763838
0.2237315682
0.394155637
0.07620887246
0.08904315318
0.1475477188
0.09356368292
0.4509545153
0.1964592699
0.298033605
0.02248635514
0.392529743
&
0.3130851664
0.3709266559
0.09085718942
0.1667685488
0.6925682132
1.133037731
0.08008103123
0.1239143631
0.9602038892
0.2784057043
0.3529786013
0.0442089294
0.04324242954
0.472298008

0.06377187676
0.364351654
0.2165850599
0.03716395798
0.6753779012
0.1252581268
0.4039777497
0.04712078251
0.06382706556
0.1383373841
0.3210388058
0.1895517729
0.1910397758
0.37302294
0.03287905108
0.2160780631
0.1402574773
0.3918592905
0.6886112467
&
0.3217447713
0.4933013042
0.08701762129
0.03299454834
0.3234667048
0.3253513534
0.2028692058
0.1554831616
0.4055616876
0.3889915145
0.1822104961
0.2262227713
0.7369098512

0.06377187676
0.364351654
0.2165850599
0.03716395798
0.6753779012
0.1252581268
0.4039777497
0.04712078251
0.06382706556
0.1383373841
0.3210388058
0.1895517729
0.1910397758
0.37302294
0.03287905108
0.2160780631
0.1402574773
0.3918592905
0.6886112467
0.3217447713
0.4933013042
0.08701762129
0.03299454834
0.3234667048
0.3253513534
0.2028692058
0.1554831616
0.4055616876
0.3889915145
0.1822104961
0.2262227713
0.7369098512
&
0.134112575
0.134260311
0.07776343888
0.1717488429
0.03578462148
0.1805373837
0.05202958283
0.05587209781
0.1142629627
0.1247806096
0.3102973121
0.05567474496
0.534424817
0.09052451677
0.05140176018
0.1522977191

0.06377187676
0.364351654
0.2165850599
0.03716395798
0.6753779012
0.1252581268
0.4039777497
0.04712078251
0.06382706556
0.1383373841
0.3210388058
0.1895517729
0.1910397758
0.37302294
0.03287905108
0.2160780631
0.1402574773
0.3918592905
0.6886112467
0.3217447713
0.4933013042
0.08701762129
0.03299454834
0.3234667048
0.3253513534
0.2028692058
0.1554831616
0.4055616876
0.3889915145
0.1822104961
0.2262227713
0.7369098512
0.134112575
0.134260311
0.07776343888
0.1717488429
0.03578462148
0.1805373837
0.05202958283
0.05587209781
0.1142629627
0.1247806096
0.3102973121
0.05567474496
0.534424817
0.09052451677
0.05140176018
0.1522977191
&
0.1157187059
0.2194993772
0.1199377047
0.02522487446
0.02782593155
0.372288301
0.7971872682
0.4986150447
0.08242074804
0.3584129644
0.1456752818

0.06377187676
0.364351654
0.2165850599
0.03716395798
0.6753779012
0.1252581268
0.4039777497
0.04712078251
0.06382706556
0.1383373841
0.3210388058
0.1895517729
0.1910397758
0.37302294
0.03287905108
0.2160780631
0.1402574773
0.3918592905
0.6886112467
0.3217447713
0.4933013042
0.08701762129
0.03299454834
0.3234667048
0.3253513534
0.2028692058
0.1554831616
0.4055616876
0.3889915145
0.1822104961
0.2262227713
0.7369098512
0.134112575
0.134260311
0.07776343888
0.1717488429
0.03578462148
0.1805373837
0.05202958283
0.05587209781
0.1142629627
0.1247806096
0.3102973121
0.05567474496
0.534424817
0.09052451677
0.05140176018
0.1522977191
0.1157187059
0.2194993772
0.1199377047
0.02522487446
0.02782593155
0.372288301
0.7971872682
0.4986150447
0.08242074804
0.3584129644
0.1456752818
&
0.06114513666
0.2284450737
0.1220317533
0.1823584546
0.2323176055
0.1669165641
0.579825383
0.02589117231
0.180549676
0.2150627118

0.06377187676
0.364351654
0.2165850599
0.03716395798
0.6753779012
0.1252581268
0.4039777497
0.04712078251
0.06382706556
0.1383373841
0.3210388058
0.1895517729
0.1910397758
0.37302294
0.03287905108
0.2160780631
0.1402574773
0.3918592905
0.6886112467
0.3217447713
0.4933013042
0.08701762129
0.03299454834
0.3234667048
0.3253513534
0.2028692058
0.1554831616
0.4055616876
0.3889915145
0.1822104961
0.2262227713
0.7369098512
0.134112575
0.134260311
0.07776343888
0.1717488429
0.03578462148
0.1805373837
0.05202958283
0.05587209781
0.1142629627
0.1247806096
0.3102973121
0.05567474496
0.534424817
0.09052451677
0.05140176018
0.1522977191
0.1157187059
0.2194993772
0.1199377047
0.02522487446
0.02782593155
0.372288301
0.7971872682
0.4986150447
0.08242074804
0.3584129644
0.1456752818
0.06114513666
0.2284450737
0.1220317533
0.1823584546
0.2323176055
0.1669165641
0.579825383
0.02589117231
0.180549676
0.2150627118
&
0.06036987304
0.03522179561
0.06757080865
0.2089028465
0.05233022318
0.2007617508
0.1085977131
0.03717108497
0.3065794958
0.07762045283
0.06052162055
0.2864524256
0.6174152457

0.06377187676
0.364351654
0.2165850599
0.03716395798
0.6753779012
0.1252581268
0.4039777497
0.04712078251
0.06382706556
0.1383373841
0.3210388058
0.1895517729
0.1910397758
0.37302294
0.03287905108
0.2160780631
0.1402574773
0.3918592905
0.6886112467
0.3217447713
0.4933013042
0.08701762129
0.03299454834
0.3234667048
0.3253513534
0.2028692058
0.1554831616
0.4055616876
0.3889915145
0.1822104961
0.2262227713
0.7369098512
0.134112575
0.134260311
0.07776343888
0.1717488429
0.03578462148
0.1805373837
0.05202958283
0.05587209781
0.1142629627
0.1247806096
0.3102973121
0.05567474496
0.534424817
0.09052451677
0.05140176018
0.1522977191
0.1157187059
0.2194993772
0.1199377047
0.02522487446
0.02782593155
0.372288301
0.7971872682
0.4986150447
0.08242074804
0.3584129644
0.1456752818
0.06114513666
0.2284450737
0.1220317533
0.1823584546
0.2323176055
0.1669165641
0.579825383
0.02589117231
0.180549676
0.2150627118
0.06036987304
0.03522179561
0.06757080865
0.2089028465
0.05233022318
0.2007617508
0.1085977131
0.03717108497
0.3065794958
0.07762045283
0.06052162055
0.2864524256
0.6174152457
0.08142662563
0.2683628171
0.1144325129
0.5429911022
0.5791365118
0.02409901639
0.3658953209
0.1240319763
0.2691616602
0.06748763109
0.4136836452
0.04652076298
0.4115932295
0.08614744042
0.6125026576
0.0719863098
0.9010338623
0.3941892554
0.03581827379
0.06551995213
0.1752581663
0.1208308901
0.02922890609
0.04097752678
0.05022566115
0.1422922486
0.6047816778
0.1378949909
0.1306878505
0.4280421907
0.2681382485
0.06404553087
0.1142461054
0.112241577
0.314101865
0.06151326001
0.1264619659
0.08083045538
0.7355147932
&
0.2370639219
0.05876142512
0.3654584282
0.04940001079
0.08671924013
0.2728870108
0.04964172837
0.04286408616
0.2406181308
0.6304908339
0.3924948794
0.03127322998
0.07981075643
0.584587187
0.2283225884
0.1289267675

0.06377187676
0.364351654
0.2165850599
0.03716395798
0.6753779012
0.1252581268
0.4039777497
0.04712078251
0.06382706556
0.1383373841
0.3210388058
0.1895517729
0.1910397758
0.37302294
0.03287905108
0.2160780631
0.1402574773
0.3918592905
0.6886112467
0.3217447713
0.4933013042
0.08701762129
0.03299454834
0.3234667048
0.3253513534
0.2028692058
0.1554831616
0.4055616876
0.3889915145
0.1822104961
0.2262227713
0.7369098512
0.134112575
0.134260311
0.07776343888
0.1717488429
0.03578462148
0.1805373837
0.05202958283
0.05587209781
0.1142629627
0.1247806096
0.3102973121
0.05567474496
0.534424817
0.09052451677
0.05140176018
0.1522977191
0.1157187059
0.2194993772
0.1199377047
0.02522487446
0.02782593155
0.372288301
0.7971872682
0.4986150447
0.08242074804
0.3584129644
0.1456752818
0.06114513666
0.2284450737
0.1220317533
0.1823584546
0.2323176055
0.1669165641
0.579825383
0.02589117231
0.180549676
0.2150627118
0.06036987304
0.03522179561
0.06757080865
0.2089028465
0.05233022318
0.2007617508
0.1085977131
0.03717108497
0.3065794958
0.07762045283
0.06052162055
0.2864524256
0.6174152457
0.08142662563
0.2683628171
0.1144325129
0.5429911022
0.5791365118
0.02409901639
0.3658953209
0.1240319763
0.2691616602
0.06748763109
0.4136836452
0.04652076298
0.4115932295
0.08614744042
0.6125026576
0.0719863098
0.9010338623
0.3941892554
0.03581827379
0.06551995213
0.1752581663
0.1208308901
0.02922890609
0.04097752678
0.05022566115
0.1422922486
0.6047816778
0.1378949909
0.1306878505
0.4280421907
0.2681382485
0.06404553087
0.1142461054
0.112241577
0.314101865
0.06151326001
0.1264619659
0.08083045538
0.7355147932
0.2370639219
0.05876142512
0.3654584282
0.04940001079
0.08671924013
0.2728870108
0.04964172837
0.04286408616
0.2406181308
0.6304908339
0.3924948794
0.03127322998
0.07981075643
0.584587187
0.2283225884
0.1289267675
&
0.0597104316
0.09836672731
0.1369469774
0.2607642442
0.2905351036
0.06738812343
0.04718623793
0.1536482347
0.4352034826
0.2638218803
0.4146537917
0.4414208974
0.3163645261
0.2039760804
0.3529556291
0.4378604313

0.06377187676
0.364351654
0.2165850599
0.03716395798
0.6753779012
0.1252581268
0.4039777497
0.04712078251
0.06382706556
0.1383373841
0.3210388058
0.1895517729
0.1910397758
0.37302294
0.03287905108
0.2160780631
0.1402574773
0.3918592905
0.6886112467
0.3217447713
0.4933013042
0.08701762129
0.03299454834
0.3234667048
0.3253513534
0.2028692058
0.1554831616
0.4055616876
0.3889915145
0.1822104961
0.2262227713
0.7369098512
0.134112575
0.134260311
0.07776343888
0.1717488429
0.03578462148
0.1805373837
0.05202958283
0.05587209781
0.1142629627
0.1247806096
0.3102973121
0.05567474496
0.534424817
0.09052451677
0.05140176018
0.1522977191
0.1157187059
0.2194993772
0.1199377047
0.02522487446
0.02782593155
0.372288301
0.7971872682
0.4986150447
0.08242074804
0.3584129644
0.1456752818
0.06114513666
0.2284450737
0.1220317533
0.1823584546
0.2323176055
0.1669165641
0.579825383
0.02589117231
0.180549676
0.2150627118
0.06036987304
0.03522179561
0.06757080865
0.2089028465
0.05233022318
0.2007617508
0.1085977131
0.03717108497
0.3065794958
0.07762045283
0.06052162055
0.2864524256
0.6174152457
0.08142662563
0.2683628171
0.1144325129
0.5429911022
0.5791365118
0.02409901639
0.3658953209
0.1240319763
0.2691616602
0.06748763109
0.4136836452
0.04652076298
0.4115932295
0.08614744042
0.6125026576
0.0719863098
0.9010338623
0.3941892554
0.03581827379
0.06551995213
0.1752581663
0.1208308901
0.02922890609
0.04097752678
0.05022566115
0.1422922486
0.6047816778
0.1378949909
0.1306878505
0.4280421907
0.2681382485
0.06404553087
0.1142461054
0.112241577
0.314101865
0.06151326001
0.1264619659
0.08083045538
0.7355147932
0.2370639219
0.05876142512
0.3654584282
0.04940001079
0.08671924013
0.2728870108
0.04964172837
0.04286408616
0.2406181308
0.6304908339
0.3924948794
0.03127322998
0.07981075643
0.584587187
0.2283225884
0.1289267675
0.0597104316
0.09836672731
0.1369469774
0.2607642442
0.2905351036
0.06738812343
0.04718623793
0.1536482347
0.4352034826
0.2638218803
0.4146537917
0.4414208974
0.3163645261
0.2039760804
0.3529556291
0.4378604313
&
0.2353614374
0.1538250037
0.04655552225
0.3316439922
0.05898934608
0.1624995198
0.04797066282
0.1904606903
0.04445272644
0.9251612689
0.3211451971
0.103797069
0.2119912653
0.3793909462

0.06377187676
0.364351654
0.2165850599
0.03716395798
0.6753779012
0.1252581268
0.4039777497
0.04712078251
0.06382706556
0.1383373841
0.3210388058
0.1895517729
0.1910397758
0.37302294
0.03287905108
0.2160780631
0.1402574773
0.3918592905
0.6886112467
0.3217447713
0.4933013042
0.08701762129
0.03299454834
0.3234667048
0.3253513534
0.2028692058
0.1554831616
0.4055616876
0.3889915145
0.1822104961
0.2262227713
0.7369098512
0.134112575
0.134260311
0.07776343888
0.1717488429
0.03578462148
0.1805373837
0.05202958283
0.05587209781
0.1142629627
0.1247806096
0.3102973121
0.05567474496
0.534424817
0.09052451677
0.05140176018
0.1522977191
0.1157187059
0.2194993772
0.1199377047
0.02522487446
0.02782593155
0.372288301
0.7971872682
0.4986150447
0.08242074804
0.3584129644
0.1456752818
0.06114513666
0.2284450737
0.1220317533
0.1823584546
0.2323176055
0.1669165641
0.579825383
0.02589117231
0.180549676
0.2150627118
0.06036987304
0.03522179561
0.06757080865
0.2089028465
0.05233022318
0.2007617508
0.1085977131
0.03717108497
0.3065794958
0.07762045283
0.06052162055
0.2864524256
0.6174152457
0.08142662563
0.2683628171
0.1144325129
0.5429911022
0.5791365118
0.02409901639
0.3658953209
0.1240319763
0.2691616602
0.06748763109
0.4136836452
0.04652076298
0.4115932295
0.08614744042
0.6125026576
0.0719863098
0.9010338623
0.3941892554
0.03581827379
0.06551995213
0.1752581663
0.1208308901
0.02922890609
0.04097752678
0.05022566115
0.1422922486
0.6047816778
0.1378949909
0.1306878505
0.4280421907
0.2681382485
0.06404553087
0.1142461054
0.112241577
0.314101865
0.06151326001
0.1264619659
0.08083045538
0.7355147932
0.2370639219
0.05876142512
0.3654584282
0.04940001079
0.08671924013
0.2728870108
0.04964172837
0.04286408616
0.2406181308
0.6304908339
0.3924948794
0.03127322998
0.07981075643
0.584587187
0.2283225884
0.1289267675
0.0597104316
0.09836672731
0.1369469774
0.2607642442
0.2905351036
0.06738812343
0.04718623793
0.1536482347
0.4352034826
0.2638218803
0.4146537917
0.4414208974
0.3163645261
0.2039760804
0.3529556291
0.4378604313
0.2353614374
0.1538250037
0.04655552225
0.3316439922
0.05898934608
0.1624995198
0.04797066282
0.1904606903
0.04445272644
0.9251612689
0.3211451971
0.103797069
0.2119912653
0.3793909462
&
0.09776707383
0.02832817463
0.08538616902
0.102302844
0.2119187216
0.3620363681
0.3422956922
0.1509357505
0.2050927683
0.2525992673
0.09535772339
0.1312323231
0.5438814811
0.5727246311
0.04580912788

0.06377187676
0.364351654
0.2165850599
0.03716395798
0.6753779012
0.1252581268
0.4039777497
0.04712078251
0.06382706556
0.1383373841
0.3210388058
0.1895517729
0.1910397758
0.37302294
0.03287905108
0.2160780631
0.1402574773
0.3918592905
0.6886112467
0.3217447713
0.4933013042
0.08701762129
0.03299454834
0.3234667048
0.3253513534
0.2028692058
0.1554831616
0.4055616876
0.3889915145
0.1822104961
0.2262227713
0.7369098512
0.134112575
0.134260311
0.07776343888
0.1717488429
0.03578462148
0.1805373837
0.05202958283
0.05587209781
0.1142629627
0.1247806096
0.3102973121
0.05567474496
0.534424817
0.09052451677
0.05140176018
0.1522977191
0.1157187059
0.2194993772
0.1199377047
0.02522487446
0.02782593155
0.372288301
0.7971872682
0.4986150447
0.08242074804
0.3584129644
0.1456752818
0.06114513666
0.2284450737
0.1220317533
0.1823584546
0.2323176055
0.1669165641
0.579825383
0.02589117231
0.180549676
0.2150627118
0.06036987304
0.03522179561
0.06757080865
0.2089028465
0.05233022318
0.2007617508
0.1085977131
0.03717108497
0.3065794958
0.07762045283
0.06052162055
0.2864524256
0.6174152457
0.08142662563
0.2683628171
0.1144325129
0.5429911022
0.5791365118
0.02409901639
0.3658953209
0.1240319763
0.2691616602
0.06748763109
0.4136836452
0.04652076298
0.4115932295
0.08614744042
0.6125026576
0.0719863098
0.9010338623
0.3941892554
0.03581827379
0.06551995213
0.1752581663
0.1208308901
0.02922890609
0.04097752678
0.05022566115
0.1422922486
0.6047816778
0.1378949909
0.1306878505
0.4280421907
0.2681382485
0.06404553087
0.1142461054
0.112241577
0.314101865
0.06151326001
0.1264619659
0.08083045538
0.7355147932
0.2370639219
0.05876142512
0.3654584282
0.04940001079
0.08671924013
0.2728870108
0.04964172837
0.04286408616
0.2406181308
0.6304908339
0.3924948794
0.03127322998
0.07981075643
0.584587187
0.2283225884
0.1289267675
0.0597104316
0.09836672731
0.1369469774
0.2607642442
0.2905351036
0.06738812343
0.04718623793
0.1536482347
0.4352034826
0.2638218803
0.4146537917
0.4414208974
0.3163645261
0.2039760804
0.3529556291
0.4378604313
0.2353614374
0.1538250037
0.04655552225
0.3316439922
0.05898934608
0.1624995198
0.04797066282
0.1904606903
0.04445272644
0.9251612689
0.3211451971
0.103797069
0.2119912653
0.3793909462
0.09776707383
0.02832817463
0.08538616902
0.102302844
0.2119187216
0.3620363681
0.3422956922
0.1509357505
0.2050927683
0.2525992673
0.09535772339
0.1312323231
0.5438814811
0.5727246311
0.04580912788
0.1438487274
0.09799759254
0.2558280774
0.05897763838
0.2237315682
0.394155637
0.07620887246
0.08904315318
0.1475477188
0.09356368292
0.4509545153
0.1964592699
0.298033605
0.02248635514
0.392529743
&
0.3130851664
0.3709266559
0.09085718942
0.1667685488
0.6925682132
1.133037731
0.08008103123
0.1239143631
0.9602038892
0.2784057043
0.3529786013
0.0442089294
0.04324242954
0.472298008

