-0.130504 0.534073 12.8746 12.8871 0.13957
0.136247 -0.674728 14.8431 14.8597 0.13957
0.237023 0.112331 16.1803 16.183 0.13498
0.0192113 0.114655 2.53469 2.54119 0.13957
-0.516768 -0.195442 2.07594 2.15244 0.13498
0.386202 -0.185034 1.0611 1.15274 0.13957
0.212707 0.301262 -0.608721 0.725275 0.13957
-0.236102 0.57475 -1.62708 1.74727 0.13957
-0.00300811 -0.608903 -2.16229 2.25044 0.13498
-0.191944 -0.354807 -1.1402 1.21749 0.13957
-0.0466403 0.453683 -0.823233 0.950755 0.13498
0.215975 -0.0416909 -0.35752 0.440935 0.13498
-0.145854 -0.319139 -14.6888 14.6937 0.13957

-0.33358 -0.0592046 17.6501 17.6539 0.13957
0.387996 0.0415679 25.4763 25.4796 0.13957
-0.10801 0.0768039 1.07669 1.09318 0.13498
0.013988 -0.307551 1.53994 1.5766 0.13957
-0.148243 0.119244 2.51419 2.52523 0.13957
0.147932 0.106294 0.160812 0.277961 0.13498
-0.0590906 0.00671989 1.02963 1.04014 0.13498
-0.15591 0.0330672 -1.31141 1.32794 0.13498
0.341325 -0.12773 0.0312535 0.391503 0.13957
0.240628 -0.114643 0.000713274 0.300874 0.13957
-0.717469 -0.0379889 -6.33708 6.37911 0.13498
0.539235 0.00653489 -6.48719 6.51106 0.13957
0.0580418 0.319268 -2.83089 2.85284 0.13957
0.00195895 -0.194033 -1.68082 1.69736 0.13498
-0.0223679 0.179024 -1.25924 1.27973 0.13957
-0.400714 0.0220459 -3.53234 3.5578 0.13957

0.22383 -0.2148 29.6167 29.6186 0.13957
-0.348636 0.280129 9.29264 9.30445 0.13957
-0.0757776 0.0016872 0.41877 0.447876 0.13957
0.0975906 -0.00907746 0.695728 0.715446 0.13498
0.397108 -0.427199 9.70302 9.72148 0.13498
-0.150893 0.3216 -0.384618 0.541854 0.13957
-0.140186 0.217642 -0.132021 0.322381 0.13957
-0.0127495 -0.00272538 -12.0869 12.0877 0.13957
0.171467 -0.183139 -2.93035 2.94438 0.13957
-0.692686 -0.024114 -10.3429 10.367 0.13498
0.811732 -0.344671 -9.04573 9.08969 0.13957

-0.458088 0.0195164 23.9351 23.9399 0.13498
0.301264 0.268549 20.3947 20.3992 0.13957
0.702425 -0.258738 4.26961 4.33698 0.13957
-0.221241 -0.336723 1.04402 1.12718 0.13498
-0.22584 0.380236 -0.529569 0.703922 0.13957
-0.366064 -0.261366 -0.19316 0.509024 0.13957
0.134365 -0.188994 -8.66283 8.66705 0.13957
0.032583 -0.0731419 -2.28557 2.29123 0.13957
-0.231777 0.306131 -3.04368 3.07098 0.13957
0.27329 0.371686 -25.392 25.3966 0.13957

-0.00645759 0.130232 2.28237 2.29008 0.13498
-0.178436 0.127481 22.5176 22.5191 0.13957
0.25878 -0.349937 14.2019 14.2092 0.13957
-0.130256 0.126031 2.07914 2.09168 0.13957
0.409561 -0.11637 3.29817 3.32847 0.13957
-0.253824 0.157135 2.28036 2.30404 0.13957
0.046074 -0.124774 0.980947 0.999714 0.13957
-0.0918594 0.527884 1.09257 1.22487 0.13957
-0.106253 -0.176103 0.13693 0.281552 0.13498
0.265536 -0.727108 0.680652 1.03957 0.13498
0.143297 0.00929382 -0.124375 0.233043 0.13498
-0.2385 0.451667 -17.0073 17.0156 0.13957
-0.517751 0.0129172 -4.71271 4.743 0.13498

0.466276 0.0130712 9.88218 9.89417 0.13957
-0.589131 0.0127889 24.9099 24.9172 0.13498
-0.0497498 -0.166394 7.73942 7.74262 0.13957
-0.0982101 -0.117214 3.09108 3.098 0.13957
0.463712 0.0781656 2.85348 2.89533 0.13957
0.194733 0.267444 -0.507052 0.621312 0.13957
-0.430599 -0.508607 0.903712 1.13149 0.13957
-0.128209 0.649172 -0.821797 1.06369 0.13498
0.44638 -0.0979168 -0.278185 0.55291 0.13957
-0.694217 -0.290569 -2.29253 2.41667 0.13498
0.248089 0.00655689 -2.35079 2.36771 0.13498
0.0408689 -0.100614 -0.854785 0.872886 0.13957
0.546566 0.274848 -7.65377 7.67937 0.13498
-0.779079 -0.0728498 -3.97364 4.05219 0.13498
0.501896 0.0526141 -4.95156 4.97904 0.13498
-0.218825 -0.139123 -2.88564 2.90063 0.13957

-0.277507 0.043325 25.9112 25.9131 0.13957
0.519341 0.0509945 17.7584 17.7666 0.13498
0.175363 -0.130982 2.03568 2.05216 0.13957
0.0546831 -0.157214 0.0682872 0.227705 0.13957
-0.58335 0.274639 0.549245 0.858413 0.13957
0.635392 -0.139566 1.37862 1.53037 0.13498
-0.525166 -0.149485 -0.155433 0.583544 0.13498
0.113964 0.567229 0.16495 0.616575 0.13498
-0.248529 -0.597172 -0.559238 0.866376 0.13957
0.327139 0.143294 1.01229 1.08248 0.13957
-0.368914 0.380014 -0.814788 0.981767 0.13957
0.41922 -0.0935449 -3.48497 3.51412 0.13957
-0.625031 -0.0759635 -2.6427 2.72002 0.13498
0.464833 -0.168143 -5.40282 5.42718 0.13957
-0.333084 -0.152393 -4.26728 4.28525 0.13957
0.456484 0.181402 -11.1354 11.1471 0.13957

-0.224871 -0.289445 17.016 17.0206 0.13957
0.108577 0.123639 24.4811 24.4821 0.13957
-0.135246 0.149927 0.836037 0.870602 0.13498
0.161585 0.0487985 0.498364 0.544369 0.13957
-0.0613949 0.145615 0.0707024 0.222377 0.13957
0.213368 -0.385027 4.3325 4.3569 0.13498
0.24215 -0.448878 1.68066 1.76188 0.13957
-0.711626 0.953746 0.184523 1.21226 0.13957
0.598485 -0.0415514 -1.09673 1.25786 0.13957
0.286572 -0.0587695 -0.688253 0.759927 0.13498
-0.497328 0.233088 -1.70638 1.79802 0.13957
-0.0208673 -0.951444 -12.6389 12.6755 0.13957
-0.0705704 0.407432 -4.34053 4.36242 0.13957
0.348615 0.146586 -4.71273 4.72994 0.13957

-0.091088 0.0234811 25.9933 25.9939 0.13957
0.414989 -0.146572 4.92083 4.94232 0.13498
-0.56582 0.149679 3.75201 3.79995 0.13957
0.282172 -0.227673 9.16501 9.17324 0.13957
-0.249516 -0.413353 2.63028 2.67787 0.13957
-0.556912 0.462873 2.39072 2.50188 0.13957
0.694395 0.266571 0.0507788 0.758487 0.13957
0.281956 -0.468817 0.3661 0.671965 0.13498
-0.424615 0.410609 -2.27113 2.35083 0.13957
0.15336 0.05301 -0.934931 0.959117 0.13957
-0.11068 -0.317431 -1.542 1.58399 0.13498
-0.0482005 0.273523 -5.97382 5.9818 0.13498
0.257465 0.347253 -14.1743 14.1815 0.13498
0.525171 -0.21682 -6.76646 6.79171 0.13957
-0.261491 0.120189 -7.08497 7.09218 0.13957

-0.131618 0.360507 9.00721 9.01646 0.13957
-0.785129 -0.240667 14.2732 14.2974 0.13498
1.01479 0.289414 8.10386 8.17347 0.13957
-0.074674 -0.234574 10.3701 10.374 0.13957
-0.291764 0.138955 0.349778 0.496245 0.13957
0.260732 -0.438412 2.18768 2.25041 0.13498
-0.161066 0.00687032 1.26753 1.28485 0.13498
0.145212 -0.0627407 3.01181 3.01898 0.13498
0.346266 0.324005 0.251038 0.553281 0.13498
-0.549454 0.13813 -1.45858 1.57056 0.13498
0.527868 -0.418849 0.490484 0.844318 0.13498
-0.564074 -0.128762 -5.06536 5.10008 0.13498
0.392945 0.886746 -4.11359 4.22869 0.13957
0.0184356 -0.266529 -1.1953 1.23272 0.13957

-0.130504 0.534073 12.8746 12.8871 0.13957
0.136247 -0.674728 14.8431 14.8597 0.13957
0.237023 0.112331 16.1803 16.183 0.13498
0.0192113 0.114655 2.53469 2.54119 0.13957
-0.516768 -0.195442 2.07594 2.15244 0.13498
0.386202 -0.185034 1.0611 1.15274 0.13957
0.212707 0.301262 -0.608721 0.725275 0.13957
-0.236102 0.57475 -1.62708 1.74727 0.13957
-0.00300811 -0.608903 -2.16229 2.25044 0.13498
-0.191944 -0.354807 -1.1402 1.21749 0.13957
-0.0466403 0.453683 -0.823233 0.950755 0.13498
0.215975 -0.0416909 -0.35752 0.440935 0.13498
-0.145854 -0.319139 -14.6888 14.6937 0.13957

-0.33358 -0.0592046 17.6501 17.6539 0.13957
0.387996 0.0415679 25.4763 25.4796 0.13957
-0.10801 0.0768039 1.07669 1.09318 0.13498
0.013988 -0.307551 1.53994 1.5766 0.13957
-0.148243 0.119244 2.51419 2.52523 0.13957
0.147932 0.106294 0.160812 0.277961 0.13498
-0.0590906 0.00671989 1.02963 1.04014 0.13498
-0.15591 0.0330672 -1.31141 1.32794 0.13498
0.341325 -0.12773 0.0312535 0.391503 0.13957
0.240628 -0.114643 0.000713274 0.300874 0.13957
-0.717469 -0.0379889 -6.33708 6.37911 0.13498
0.539235 0.00653489 -6.48719 6.51106 0.13957
0.0580418 0.319268 -2.83089 2.85284 0.13957
0.00195895 -0.194033 -1.68082 1.69736 0.13498
-0.0223679 0.179024 -1.25924 1.27973 0.13957
-0.400714 0.0220459 -3.53234 3.5578 0.13957

0.22383 -0.2148 29.6167 29.6186 0.13957
-0.348636 0.280129 9.29264 9.30445 0.13957
-0.0757776 0.0016872 0.41877 0.447876 0.13957
0.0975906 -0.00907746 0.695728 0.715446 0.13498
0.397108 -0.427199 9.70302 9.72148 0.13498
-0.150893 0.3216 -0.384618 0.541854 0.13957
-0.140186 0.217642 -0.132021 0.322381 0.13957
-0.0127495 -0.00272538 -12.0869 12.0877 0.13957
0.171467 -0.183139 -2.93035 2.94438 0.13957
-0.692686 -0.024114 -10.3429 10.367 0.13498
0.811732 -0.344671 -9.04573 9.08969 0.13957

-0.458088 0.0195164 23.9351 23.9399 0.13498
0.301264 0.268549 20.3947 20.3992 0.13957
0.702425 -0.258738 4.26961 4.33698 0.13957
-0.221241 -0.336723 1.04402 1.12718 0.13498
-0.22584 0.380236 -0.529569 0.703922 0.13957
-0.366064 -0.261366 -0.19316 0.509024 0.13957
0.134365 -0.188994 -8.66283 8.66705 0.13957
0.032583 -0.0731419 -2.28557 2.29123 0.13957
-0.231777 0.306131 -3.04368 3.07098 0.13957
0.27329 0.371686 -25.392 25.3966 0.13957

-0.00645759 0.130232 2.28237 2.29008 0.13498
-0.178436 0.127481 22.5176 22.5191 0.13957
0.25878 -0.349937 14.2019 14.2092 0.13957
-0.130256 0.126031 2.07914 2.09168 0.13957
0.409561 -0.11637 3.29817 3.32847 0.13957
-0.253824 0.157135 2.28036 2.30404 0.13957
0.046074 -0.124774 0.980947 0.999714 0.13957
-0.0918594 0.527884 1.09257 1.22487 0.13957
-0.106253 -0.176103 0.13693 0.281552 0.13498
0.265536 -0.727108 0.680652 1.03957 0.13498
0.143297 0.00929382 -0.124375 0.233043 0.13498
-0.2385 0.451667 -17.0073 17.0156 0.13957
-0.517751 0.0129172 -4.71271 4.743 0.13498

0.466276 0.0130712 9.88218 9.89417 0.13957
-0.589131 0.0127889 24.9099 24.9172 0.13498
-0.0497498 -0.166394 7.73942 7.74262 0.13957
-0.0982101 -0.117214 3.09108 3.098 0.13957
0.463712 0.0781656 2.85348 2.89533 0.13957
0.194733 0.267444 -0.507052 0.621312 0.13957
-0.430599 -0.508607 0.903712 1.13149 0.13957
-0.128209 0.649172 -0.821797 1.06369 0.13498
0.44638 -0.0979168 -0.278185 0.55291 0.13957
-0.694217 -0.290569 -2.29253 2.41667 0.13498
0.248089 0.00655689 -2.35079 2.36771 0.13498
0.0408689 -0.100614 -0.854785 0.872886 0.13957
0.546566 0.274848 -7.65377 7.67937 0.13498
-0.779079 -0.0728498 -3.97364 4.05219 0.13498
0.501896 0.0526141 -4.95156 4.97904 0.13498
-0.218825 -0.139123 -2.88564 2.90063 0.13957

-0.277507 0.043325 25.9112 25.9131 0.13957
0.519341 0.0509945 17.7584 17.7666 0.13498
0.175363 -0.130982 2.03568 2.05216 0.13957
0.0546831 -0.157214 0.0682872 0.227705 0.13957
-0.58335 0.274639 0.549245 0.858413 0.13957
0.635392 -0.139566 1.37862 1.53037 0.13498
-0.525166 -0.149485 -0.155433 0.583544 0.13498
0.113964 0.567229 0.16495 0.616575 0.13498
-0.248529 -0.597172 -0.559238 0.866376 0.13957
0.327139 0.143294 1.01229 1.08248 0.13957
-0.368914 0.380014 -0.814788 0.981767 0.13957
0.41922 -0.0935449 -3.48497 3.51412 0.13957
-0.625031 -0.0759635 -2.6427 2.72002 0.13498
0.464833 -0.168143 -5.40282 5.42718 0.13957
-0.333084 -0.152393 -4.26728 4.28525 0.13957
0.456484 0.181402 -11.1354 11.1471 0.13957

-0.224871 -0.289445 17.016 17.0206 0.13957
0.108577 0.123639 24.4811 24.4821 0.13957
-0.135246 0.149927 0.836037 0.870602 0.13498
0.161585 0.0487985 0.498364 0.544369 0.13957
-0.0613949 0.145615 0.0707024 0.222377 0.13957
0.213368 -0.385027 4.3325 4.3569 0.13498
0.24215 -0.448878 1.68066 1.76188 0.13957
-0.711626 0.953746 0.184523 1.21226 0.13957
0.598485 -0.0415514 -1.09673 1.25786 0.13957
0.286572 -0.0587695 -0.688253 0.759927 0.13498
-0.497328 0.233088 -1.70638 1.79802 0.13957
-0.0208673 -0.951444 -12.6389 12.6755 0.13957
-0.0705704 0.407432 -4.34053 4.36242 0.13957
0.348615 0.146586 -4.71273 4.72994 0.13957

-0.091088 0.0234811 25.9933 25.9939 0.13957
0.414989 -0.146572 4.92083 4.94232 0.13498
-0.56582 0.149679 3.75201 3.79995 0.13957
0.282172 -0.227673 9.16501 9.17324 0.13957
-0.249516 -0.413353 2.63028 2.67787 0.13957
-0.556912 0.462873 2.39072 2.50188 0.13957
0.694395 0.266571 0.0507788 0.758487 0.13957
0.281956 -0.468817 0.3661 0.671965 0.13498
-0.424615 0.410609 -2.27113 2.35083 0.13957
0.15336 0.05301 -0.934931 0.959117 0.13957
-0.11068 -0.317431 -1.542 1.58399 0.13498
-0.0482005 0.273523 -5.97382 5.9818 0.13498
0.257465 0.347253 -14.1743 14.1815 0.13498
0.525171 -0.21682 -6.76646 6.79171 0.13957
-0.261491 0.120189 -7.08497 7.09218 0.13957

-0.131618 0.360507 9.00721 9.01646 0.13957
-0.785129 -0.240667 14.2732 14.2974 0.13498
1.01479 0.289414 8.10386 8.17347 0.13957
-0.074674 -0.234574 10.3701 10.374 0.13957
-0.291764 0.138955 0.349778 0.496245 0.13957
0.260732 -0.438412 2.18768 2.25041 0.13498
-0.161066 0.00687032 1.26753 1.28485 0.13498
0.145212 -0.0627407 3.01181 3.01898 0.13498
0.346266 0.324005 0.251038 0.553281 0.13498
-0.549454 0.13813 -1.45858 1.57056 0.13498
0.527868 -0.418849 0.490484 0.844318 0.13498
-0.564074 -0.128762 -5.06536 5.10008 0.13498
0.392945 0.886746 -4.11359 4.22869 0.13957
0.0184356 -0.266529 -1.1953 1.23272 0.13957

-0.130504 0.534073 12.8746 12.8871 0.13957
0.136247 -0.674728 14.8431 14.8597 0.13957
0.237023 0.112331 16.1803 16.183 0.13498
0.0192113 0.114655 2.53469 2.54119 0.13957
-0.516768 -0.195442 2.07594 2.15244 0.13498
0.386202 -0.185034 1.0611 1.15274 0.13957
0.212707 0.301262 -0.608721 0.725275 0.13957
-0.236102 0.57475 -1.62708 1.74727 0.13957
-0.00300811 -0.608903 -2.16229 2.25044 0.13498
-0.191944 -0.354807 -1.1402 1.21749 0.13957
-0.0466403 0.453683 -0.823233 0.950755 0.13498
0.215975 -0.0416909 -0.35752 0.440935 0.13498
-0.145854 -0.319139 -14.6888 14.6937 0.13957

-0.33358 -0.0592046 17.6501 17.6539 0.13957
0.387996 0.0415679 25.4763 25.4796 0.13957
-0.10801 0.0768039 1.07669 1.09318 0.13498
0.013988 -0.307551 1.53994 1.5766 0.13957
-0.148243 0.119244 2.51419 2.52523 0.13957
0.147932 0.106294 0.160812 0.277961 0.13498
-0.0590906 0.00671989 1.02963 1.04014 0.13498
-0.15591 0.0330672 -1.31141 1.32794 0.13498
0.341325 -0.12773 0.0312535 0.391503 0.13957
0.240628 -0.114643 0.000713274 0.300874 0.13957
-0.717469 -0.0379889 -6.33708 6.37911 0.13498
0.539235 0.00653489 -6.48719 6.51106 0.13957
0.0580418 0.319268 -2.83089 2.85284 0.13957
0.00195895 -0.194033 -1.68082 1.69736 0.13498
-0.0223679 0.179024 -1.25924 1.27973 0.13957
-0.400714 0.0220459 -3.53234 3.5578 0.13957

0.22383 -0.2148 29.6167 29.6186 0.13957
-0.348636 0.280129 9.29264 9.30445 0.13957
-0.0757776 0.0016872 0.41877 0.447876 0.13957
0.0975906 -0.00907746 0.695728 0.715446 0.13498
0.397108 -0.427199 9.70302 9.72148 0.13498
-0.150893 0.3216 -0.384618 0.541854 0.13957
-0.140186 0.217642 -0.132021 0.322381 0.13957
-0.0127495 -0.00272538 -12.0869 12.0877 0.13957
0.171467 -0.183139 -2.93035 2.94438 0.13957
-0.692686 -0.024114 -10.3429 10.367 0.13498
0.811732 -0.344671 -9.04573 9.08969 0.13957

-0.458088 0.0195164 23.9351 23.9399 0.13498
0.301264 0.268549 20.3947 20.3992 0.13957
0.702425 -0.258738 4.26961 4.33698 0.13957
-0.221241 -0.336723 1.04402 1.12718 0.13498
-0.22584 0.380236 -0.529569 0.703922 0.13957
-0.366064 -0.261366 -0.19316 0.509024 0.13957
0.134365 -0.188994 -8.66283 8.66705 0.13957
0.032583 -0.0731419 -2.28557 2.29123 0.13957
-0.231777 0.306131 -3.04368 3.07098 0.13957
0.27329 0.371686 -25.392 25.3966 0.13957

-0.00645759 0.130232 2.28237 2.29008 0.13498
-0.178436 0.127481 22.5176 22.5191 0.13957
0.25878 -0.349937 14.2019 14.2092 0.13957
-0.130256 0.126031 2.07914 2.09168 0.13957
0.409561 -0.11637 3.29817 3.32847 0.13957
-0.253824 0.157135 2.28036 2.30404 0.13957
0.046074 -0.124774 0.980947 0.999714 0.13957
-0.0918594 0.527884 1.09257 1.22487 0.13957
-0.106253 -0.176103 0.13693 0.281552 0.13498
0.265536 -0.727108 0.680652 1.03957 0.13498
0.143297 0.00929382 -0.124375 0.233043 0.13498
-0.2385 0.451667 -17.0073 17.0156 0.13957
-0.517751 0.0129172 -4.71271 4.743 0.13498

0.466276 0.0130712 9.88218 9.89417 0.13957
-0.589131 0.0127889 24.9099 24.9172 0.13498
-0.0497498 -0.166394 7.73942 7.74262 0.13957
-0.0982101 -0.117214 3.09108 3.098 0.13957
0.463712 0.0781656 2.85348 2.89533 0.13957
0.194733 0.267444 -0.507052 0.621312 0.13957
-0.430599 -0.508607 0.903712 1.13149 0.13957
-0.128209 0.649172 -0.821797 1.06369 0.13498
0.44638 -0.0979168 -0.278185 0.55291 0.13957
-0.694217 -0.290569 -2.29253 2.41667 0.13498
0.248089 0.00655689 -2.35079 2.36771 0.13498
0.0408689 -0.100614 -0.854785 0.872886 0.13957
0.546566 0.274848 -7.65377 7.67937 0.13498
-0.779079 -0.0728498 -3.97364 4.05219 0.13498
0.501896 0.0526141 -4.95156 4.97904 0.13498
-0.218825 -0.139123 -2.88564 2.90063 0.13957

-0.277507 0.043325 25.9112 25.9131 0.13957
0.519341 0.0509945 17.7584 17.7666 0.13498
0.175363 -0.130982 2.03568 2.05216 0.13957
0.0546831 -0.157214 0.0682872 0.227705 0.13957
-0.58335 0.274639 0.549245 0.858413 0.13957
0.635392 -0.139566 1.37862 1.53037 0.13498
-0.525166 -0.149485 -0.155433 0.583544 0.13498
0.113964 0.567229 0.16495 0.616575 0.13498
-0.248529 -0.597172 -0.559238 0.866376 0.13957
0.327139 0.143294 1.01229 1.08248 0.13957
-0.368914 0.380014 -0.814788 0.981767 0.13957
0.41922 -0.0935449 -3.48497 3.51412 0.13957
-0.625031 -0.0759635 -2.6427 2.72002 0.13498
0.464833 -0.168143 -5.40282 5.42718 0.13957
-0.333084 -0.152393 -4.26728 4.28525 0.13957
0.456484 0.181402 -11.1354 11.1471 0.13957

-0.224871 -0.289445 17.016 17.0206 0.13957
0.108577 0.123639 24.4811 24.4821 0.13957
-0.135246 0.149927 0.836037 0.870602 0.13498
0.161585 0.0487985 0.498364 0.544369 0.13957
-0.0613949 0.145615 0.0707024 0.222377 0.13957
0.213368 -0.385027 4.3325 4.3569 0.13498
0.24215 -0.448878 1.68066 1.76188 0.13957
-0.711626 0.953746 0.184523 1.21226 0.13957
0.598485 -0.0415514 -1.09673 1.25786 0.13957
0.286572 -0.0587695 -0.688253 0.759927 0.13498
-0.497328 0.233088 -1.70638 1.79802 0.13957
-0.0208673 -0.951444 -12.6389 12.6755 0.13957
-0.0705704 0.407432 -4.34053 4.36242 0.13957
0.348615 0.146586 -4.71273 4.72994 0.13957

-0.091088 0.0234811 25.9933 25.9939 0.13957
0.414989 -0.146572 4.92083 4.94232 0.13498
-0.56582 0.149679 3.75201 3.79995 0.13957
0.282172 -0.227673 9.16501 9.17324 0.13957
-0.249516 -0.413353 2.63028 2.67787 0.13957
-0.556912 0.462873 2.39072 2.50188 0.13957
0.694395 0.266571 0.0507788 0.758487 0.13957
0.281956 -0.468817 0.3661 0.671965 0.13498
-0.424615 0.410609 -2.27113 2.35083 0.13957
0.15336 0.05301 -0.934931 0.959117 0.13957
-0.11068 -0.317431 -1.542 1.58399 0.13498
-0.0482005 0.273523 -5.97382 5.9818 0.13498
0.257465 0.347253 -14.1743 14.1815 0.13498
0.525171 -0.21682 -6.76646 6.79171 0.13957
-0.261491 0.120189 -7.08497 7.09218 0.13957

-0.131618 0.360507 9.00721 9.01646 0.13957
-0.785129 -0.240667 14.2732 14.2974 0.13498
1.01479 0.289414 8.10386 8.17347 0.13957
-0.074674 -0.234574 10.3701 10.374 0.13957
-0.291764 0.138955 0.349778 0.496245 0.13957
0.260732 -0.438412 2.18768 2.25041 0.13498
-0.161066 0.00687032 1.26753 1.28485 0.13498
0.145212 -0.0627407 3.01181 3.01898 0.13498
0.346266 0.324005 0.251038 0.553281 0.13498
-0.549454 0.13813 -1.45858 1.57056 0.13498
0.527868 -0.418849 0.490484 0.844318 0.13498
-0.564074 -0.128762 -5.06536 5.10008 0.13498
0.392945 0.886746 -4.11359 4.22869 0.13957
0.0184356 -0.266529 -1.1953 1.23272 0.13957

-0.130504 0.534073 12.8746 12.8871 0.13957
0.136247 -0.674728 14.8431 14.8597 0.13957
0.237023 0.112331 16.1803 16.183 0.13498
0.0192113 0.114655 2.53469 2.54119 0.13957
-0.516768 -0.195442 2.07594 2.15244 0.13498
0.386202 -0.185034 1.0611 1.15274 0.13957
0.212707 0.301262 -0.608721 0.725275 0.13957
-0.236102 0.57475 -1.62708 1.74727 0.13957
-0.00300811 -0.608903 -2.16229 2.25044 0.13498
-0.191944 -0.354807 -1.1402 1.21749 0.13957
-0.0466403 0.453683 -0.823233 0.950755 0.13498
0.215975 -0.0416909 -0.35752 0.440935 0.13498
-0.145854 -0.319139 -14.6888 14.6937 0.13957

-0.33358 -0.0592046 17.6501 17.6539 0.13957
0.387996 0.0415679 25.4763 25.4796 0.13957
-0.10801 0.0768039 1.07669 1.09318 0.13498
0.013988 -0.307551 1.53994 1.5766 0.13957
-0.148243 0.119244 2.51419 2.52523 0.13957
0.147932 0.106294 0.160812 0.277961 0.13498
-0.0590906 0.00671989 1.02963 1.04014 0.13498
-0.15591 0.0330672 -1.31141 1.32794 0.13498
0.341325 -0.12773 0.0312535 0.391503 0.13957
0.240628 -0.114643 0.000713274 0.300874 0.13957
-0.717469 -0.0379889 -6.33708 6.37911 0.13498
0.539235 0.00653489 -6.48719 6.51106 0.13957
0.0580418 0.319268 -2.83089 2.85284 0.13957
0.00195895 -0.194033 -1.68082 1.69736 0.13498
-0.0223679 0.179024 -1.25924 1.27973 0.13957
-0.400714 0.0220459 -3.53234 3.5578 0.13957

0.22383 -0.2148 29.6167 29.6186 0.13957
-0.348636 0.280129 9.29264 9.30445 0.13957
-0.0757776 0.0016872 0.41877 0.447876 0.13957
0.0975906 -0.00907746 0.695728 0.715446 0.13498
0.397108 -0.427199 9.70302 9.72148 0.13498
-0.150893 0.3216 -0.384618 0.541854 0.13957
-0.140186 0.217642 -0.132021 0.322381 0.13957
-0.0127495 -0.00272538 -12.0869 12.0877 0.13957
0.171467 -0.183139 -2.93035 2.94438 0.13957
-0.692686 -0.024114 -10.3429 10.367 0.13498
0.811732 -0.344671 -9.04573 9.08969 0.13957

-0.458088 0.0195164 23.9351 23.9399 0.13498
0.301264 0.268549 20.3947 20.3992 0.13957
0.702425 -0.258738 4.26961 4.33698 0.13957
-0.221241 -0.336723 1.04402 1.12718 0.13498
-0.22584 0.380236 -0.529569 0.703922 0.13957
-0.366064 -0.261366 -0.19316 0.509024 0.13957
0.134365 -0.188994 -8.66283 8.66705 0.13957
0.032583 -0.0731419 -2.28557 2.29123 0.13957
-0.231777 0.306131 -3.04368 3.07098 0.13957
0.27329 0.371686 -25.392 25.3966 0.13957

-0.00645759 0.130232 2.28237 2.29008 0.13498
-0.178436 0.127481 22.5176 22.5191 0.13957
0.25878 -0.349937 14.2019 14.2092 0.13957
-0.130256 0.126031 2.07914 2.09168 0.13957
0.409561 -0.11637 3.29817 3.32847 0.13957
-0.253824 0.157135 2.28036 2.30404 0.13957
0.046074 -0.124774 0.980947 0.999714 0.13957
-0.0918594 0.527884 1.09257 1.22487 0.13957
-0.106253 -0.176103 0.13693 0.281552 0.13498
0.265536 -0.727108 0.680652 1.03957 0.13498
0.143297 0.00929382 -0.124375 0.233043 0.13498
-0.2385 0.451667 -17.0073 17.0156 0.13957
-0.517751 0.0129172 -4.71271 4.743 0.13498

0.466276 0.0130712 9.88218 9.89417 0.13957
-0.589131 0.0127889 24.9099 24.9172 0.13498
-0.0497498 -0.166394 7.73942 7.74262 0.13957
-0.0982101 -0.117214 3.09108 3.098 0.13957
0.463712 0.0781656 2.85348 2.89533 0.13957
0.194733 0.267444 -0.507052 0.621312 0.13957
-0.430599 -0.508607 0.903712 1.13149 0.13957
-0.128209 0.649172 -0.821797 1.06369 0.13498
0.44638 -0.0979168 -0.278185 0.55291 0.13957
-0.694217 -0.290569 -2.29253 2.41667 0.13498
0.248089 0.00655689 -2.35079 2.36771 0.13498
0.0408689 -0.100614 -0.854785 0.872886 0.13957
0.546566 0.274848 -7.65377 7.67937 0.13498
-0.779079 -0.0728498 -3.97364 4.05219 0.13498
0.501896 0.0526141 -4.95156 4.97904 0.13498
-0.218825 -0.139123 -2.88564 2.90063 0.13957

-0.277507 0.043325 25.9112 25.9131 0.13957
0.519341 0.0509945 17.7584 17.7666 0.13498
0.175363 -0.130982 2.03568 2.05216 0.13957
0.0546831 -0.157214 0.0682872 0.227705 0.13957
-0.58335 0.274639 0.549245 0.858413 0.13957
0.635392 -0.139566 1.37862 1.53037 0.13498
-0.525166 -0.149485 -0.155433 0.583544 0.13498
0.113964 0.567229 0.16495 0.616575 0.13498
-0.248529 -0.597172 -0.559238 0.866376 0.13957
0.327139 0.143294 1.01229 1.08248 0.13957
-0.368914 0.380014 -0.814788 0.981767 0.13957
0.41922 -0.0935449 -3.48497 3.51412 0.13957
-0.625031 -0.0759635 -2.6427 2.72002 0.13498
0.464833 -0.168143 -5.40282 5.42718 0.13957
-0.333084 -0.152393 -4.26728 4.28525 0.13957
0.456484 0.181402 -11.1354 11.1471 0.13957

-0.224871 -0.289445 17.016 17.0206 0.13957
0.108577 0.123639 24.4811 24.4821 0.13957
-0.135246 0.149927 0.836037 0.870602 0.13498
0.161585 0.0487985 0.498364 0.544369 0.13957
-0.0613949 0.145615 0.0707024 0.222377 0.13957
0.213368 -0.385027 4.3325 4.3569 0.13498
0.24215 -0.448878 1.68066 1.76188 0.13957
-0.711626 0.953746 0.184523 1.21226 0.13957
0.598485 -0.0415514 -1.09673 1.25786 0.13957
0.286572 -0.0587695 -0.688253 0.759927 0.13498
-0.497328 0.233088 -1.70638 1.79802 0.13957
-0.0208673 -0.951444 -12.6389 12.6755 0.13957
-0.0705704 0.407432 -4.34053 4.36242 0.13957
0.348615 0.146586 -4.71273 4.72994 0.13957

-0.091088 0.0234811 25.9933 25.9939 0.13957
0.414989 -0.146572 4.92083 4.94232 0.13498
-0.56582 0.149679 3.75201 3.79995 0.13957
0.282172 -0.227673 9.16501 9.17324 0.13957
-0.249516 -0.413353 2.63028 2.67787 0.13957
-0.556912 0.462873 2.39072 2.50188 0.13957
0.694395 0.266571 0.0507788 0.758487 0.13957
0.281956 -0.468817 0.3661 0.671965 0.13498
-0.424615 0.410609 -2.27113 2.35083 0.13957
0.15336 0.05301 -0.934931 0.959117 0.13957
-0.11068 -0.317431 -1.542 1.58399 0.13498
-0.0482005 0.273523 -5.97382 5.9818 0.13498
0.257465 0.347253 -14.1743 14.1815 0.13498
0.525171 -0.21682 -6.76646 6.79171 0.13957
-0.261491 0.120189 -7.08497 7.09218 0.13957

-0.131618 0.360507 9.00721 9.01646 0.13957
-0.785129 -0.240667 14.2732 14.2974 0.13498
1.01479 0.289414 8.10386 8.17347 0.13957
-0.074674 -0.234574 10.3701 10.374 0.13957
-0.291764 0.138955 0.349778 0.496245 0.13957
0.260732 -0.438412 2.18768 2.25041 0.13498
-0.161066 0.00687032 1.26753 1.28485 0.13498
0.145212 -0.0627407 3.01181 3.01898 0.13498
0.346266 0.324005 0.251038 0.553281 0.13498
-0.549454 0.13813 -1.45858 1.57056 0.13498
0.527868 -0.418849 0.490484 0.844318 0.13498
-0.564074 -0.128762 -5.06536 5.10008 0.13498
0.392945 0.886746 -4.11359 4.22869 0.13957
0.0184356 -0.266529 -1.1953 1.23272 0.13957

